1000.000000 295501.000000 
2000.000000 619863.000000 
3000.000000 1014596.000000 
4000.000000 1314206.000000 
5000.000000 1674379.000000 
6000.000000 2032482.000000 
7000.000000 2465262.000000 
8000.000000 2769838.000000 
9000.000000 3186486.000000 
10000.000000 3577316.000000 
11000.000000 3965220.000000 
12000.000000 4507474.000000 
13000.000000 4744567.000000 
14000.000000 5072978.000000 
15000.000000 5488763.000000 
16000.000000 5837816.000000 
17000.000000 6334457.000000 
18000.000000 6632493.000000 
19000.000000 7039728.000000 
20000.000000 7457161.000000 
21000.000000 8271129.000000 
22000.000000 8433681.000000 
23000.000000 8630422.000000 
24000.000000 9236253.000000 
25000.000000 9472297.000000 
26000.000000 9882721.000000 
27000.000000 10522633.000000 
28000.000000 10659269.000000 
29000.000000 11095440.000000 
30000.000000 11649869.000000 
31000.000000 11911913.000000 
32000.000000 12450817.000000 
33000.000000 12681345.000000 
34000.000000 13351974.000000 
35000.000000 13632817.000000 
36000.000000 14117151.000000 
37000.000000 14316420.000000 
38000.000000 15018211.000000 
39000.000000 15225883.000000 
40000.000000 15594271.000000 
41000.000000 16016141.000000 
42000.000000 16562249.000000 
43000.000000 17112949.000000 
44000.000000 17861387.000000 
45000.000000 17783492.000000 
46000.000000 18354237.000000 
47000.000000 18601380.000000 
48000.000000 18892072.000000 
49000.000000 19949542.000000 
50000.000000 19754641.000000 
51000.000000 20291168.000000 
52000.000000 20770610.000000 
53000.000000 21344237.000000 
54000.000000 22002664.000000 
55000.000000 21956400.000000 
56000.000000 22424765.000000 
57000.000000 22847495.000000 
58000.000000 23352822.000000 
59000.000000 24091839.000000 
60000.000000 24351131.000000 
61000.000000 25082366.000000 
62000.000000 24906708.000000 
63000.000000 25382674.000000 
64000.000000 26605954.000000 
65000.000000 26418788.000000 
66000.000000 26589782.000000 
67000.000000 28403878.000000 
68000.000000 28583660.000000 
69000.000000 28900551.000000 
70000.000000 29127390.000000 
71000.000000 29583951.000000 
72000.000000 29597491.000000 
73000.000000 30146174.000000 
74000.000000 30234584.000000 
75000.000000 30841465.000000 
76000.000000 31397318.000000 
77000.000000 32271436.000000 
78000.000000 32336813.000000 
79000.000000 32812104.000000 
80000.000000 32917579.000000 
81000.000000 33470985.000000 
82000.000000 33736113.000000 
83000.000000 34170254.000000 
84000.000000 34900475.000000 
85000.000000 35036858.000000 
86000.000000 36249877.000000 
87000.000000 35889530.000000 
88000.000000 36528080.000000 
89000.000000 37071437.000000 
90000.000000 37208207.000000 
91000.000000 37803207.000000 
92000.000000 39297443.000000 
93000.000000 38688977.000000 
94000.000000 39181686.000000 
95000.000000 39265428.000000 
96000.000000 39886388.000000 
97000.000000 40267170.000000 
98000.000000 40643864.000000 
99000.000000 40929190.000000 
100000.000000 41696967.000000 
