1000.000000 75114.000000 
2000.000000 147616.000000 
3000.000000 238772.000000 
4000.000000 324440.000000 
5000.000000 416326.000000 
6000.000000 554548.000000 
7000.000000 601562.000000 
8000.000000 693446.000000 
9000.000000 797194.000000 
10000.000000 886878.000000 
11000.000000 983803.000000 
12000.000000 1389911.000000 
13000.000000 1191943.000000 
14000.000000 1291377.000000 
15000.000000 1383435.000000 
16000.000000 1479398.000000 
17000.000000 1785572.000000 
18000.000000 1692221.000000 
19000.000000 1790197.000000 
20000.000000 1926031.000000 
21000.000000 2176779.000000 
22000.000000 2154441.000000 
23000.000000 2243938.000000 
24000.000000 2293706.000000 
25000.000000 2407753.000000 
26000.000000 2574509.000000 
27000.000000 2691635.000000 
28000.000000 2740945.000000 
29000.000000 2873584.000000 
30000.000000 2946685.000000 
31000.000000 3052880.000000 
32000.000000 3192730.000000 
33000.000000 3293760.000000 
34000.000000 3406078.000000 
35000.000000 3571995.000000 
36000.000000 3611907.000000 
37000.000000 3742260.000000 
38000.000000 3822828.000000 
39000.000000 3960611.000000 
40000.000000 4025919.000000 
41000.000000 4161878.000000 
42000.000000 4256350.000000 
43000.000000 4423718.000000 
44000.000000 4767657.000000 
45000.000000 4595754.000000 
46000.000000 4707794.000000 
47000.000000 4821536.000000 
48000.000000 4908858.000000 
49000.000000 5144791.000000 
50000.000000 5929550.000000 
51000.000000 5397043.000000 
52000.000000 5408616.000000 
53000.000000 5544557.000000 
54000.000000 5677967.000000 
55000.000000 5801211.000000 
56000.000000 5849969.000000 
57000.000000 5959964.000000 
58000.000000 6060549.000000 
59000.000000 6212032.000000 
60000.000000 6311038.000000 
61000.000000 6473969.000000 
62000.000000 6981076.000000 
63000.000000 6689734.000000 
64000.000000 6795461.000000 
65000.000000 6831048.000000 
66000.000000 6964246.000000 
67000.000000 7312021.000000 
68000.000000 8072676.000000 
69000.000000 7712229.000000 
70000.000000 7546125.000000 
71000.000000 7618053.000000 
72000.000000 7784259.000000 
73000.000000 7848331.000000 
74000.000000 8008351.000000 
75000.000000 8131716.000000 
76000.000000 8276592.000000 
77000.000000 8524583.000000 
78000.000000 8460823.000000 
79000.000000 8537992.000000 
80000.000000 8721627.000000 
81000.000000 8725515.000000 
82000.000000 8889013.000000 
83000.000000 8953788.000000 
84000.000000 9126852.000000 
85000.000000 9482152.000000 
86000.000000 9295468.000000 
87000.000000 9457668.000000 
88000.000000 9958813.000000 
89000.000000 9763005.000000 
90000.000000 9892644.000000 
91000.000000 10111076.000000 
92000.000000 13025060.000000 
93000.000000 10492134.000000 
94000.000000 10348727.000000 
95000.000000 10673317.000000 
96000.000000 10486449.000000 
97000.000000 10976836.000000 
98000.000000 10732487.000000 
99000.000000 11189047.000000 
100000.000000 11175496.000000 
