1000.000000 121882.000000 
2000.000000 273018.000000 
3000.000000 411937.000000 
4000.000000 566861.000000 
5000.000000 749517.000000 
6000.000000 915818.000000 
7000.000000 1062583.000000 
8000.000000 1271054.000000 
9000.000000 1442993.000000 
10000.000000 1603721.000000 
11000.000000 1783486.000000 
12000.000000 1943251.000000 
13000.000000 2222491.000000 
14000.000000 3184690.000000 
15000.000000 2515143.000000 
16000.000000 2627265.000000 
17000.000000 2917497.000000 
18000.000000 3103716.000000 
19000.000000 3286433.000000 
20000.000000 3460479.000000 
21000.000000 3661618.000000 
22000.000000 3775713.000000 
23000.000000 3926908.000000 
24000.000000 4122668.000000 
25000.000000 4344650.000000 
26000.000000 4650975.000000 
27000.000000 4851299.000000 
28000.000000 5229675.000000 
29000.000000 5161026.000000 
30000.000000 5168542.000000 
31000.000000 5562691.000000 
32000.000000 5826429.000000 
33000.000000 5813095.000000 
34000.000000 6172621.000000 
35000.000000 6328896.000000 
36000.000000 6566438.000000 
37000.000000 6801966.000000 
38000.000000 6845320.000000 
39000.000000 7147412.000000 
40000.000000 8037814.000000 
41000.000000 7589556.000000 
42000.000000 7691245.000000 
43000.000000 7795041.000000 
44000.000000 8184405.000000 
45000.000000 8158270.000000 
46000.000000 8253478.000000 
47000.000000 9427128.000000 
48000.000000 8981109.000000 
49000.000000 9595508.000000 
50000.000000 9629054.000000 
51000.000000 9623239.000000 
52000.000000 10236919.000000 
53000.000000 9784746.000000 
54000.000000 10108519.000000 
55000.000000 10801233.000000 
56000.000000 10803801.000000 
57000.000000 10595417.000000 
58000.000000 11108425.000000 
59000.000000 12204746.000000 
60000.000000 11815464.000000 
61000.000000 11518492.000000 
62000.000000 11796382.000000 
63000.000000 12711615.000000 
64000.000000 12616633.000000 
65000.000000 12685146.000000 
66000.000000 12637046.000000 
67000.000000 12806700.000000 
68000.000000 13307905.000000 
69000.000000 14253174.000000 
70000.000000 13845873.000000 
71000.000000 13511286.000000 
72000.000000 14353513.000000 
73000.000000 14542977.000000 
74000.000000 14585583.000000 
75000.000000 15120902.000000 
76000.000000 15924067.000000 
77000.000000 15340793.000000 
78000.000000 15169844.000000 
79000.000000 15445543.000000 
80000.000000 15811679.000000 
81000.000000 17000022.000000 
82000.000000 16304281.000000 
83000.000000 15618117.000000 
84000.000000 17597526.000000 
85000.000000 17081646.000000 
86000.000000 16726488.000000 
87000.000000 17507643.000000 
88000.000000 17030972.000000 
89000.000000 17520542.000000 
90000.000000 18256360.000000 
91000.000000 18084645.000000 
92000.000000 17931680.000000 
93000.000000 18334604.000000 
94000.000000 18184878.000000 
95000.000000 18626116.000000 
96000.000000 19901917.000000 
97000.000000 19728520.000000 
98000.000000 19344599.000000 
99000.000000 19122615.000000 
100000.000000 20432769.000000 
