1000.000000 161353.000000 
2000.000000 347283.000000 
3000.000000 542627.000000 
4000.000000 741769.000000 
5000.000000 1033590.000000 
6000.000000 1211164.000000 
7000.000000 1395705.000000 
8000.000000 1630293.000000 
9000.000000 1821764.000000 
10000.000000 2048778.000000 
11000.000000 2288541.000000 
12000.000000 2532170.000000 
13000.000000 2955291.000000 
14000.000000 3272007.000000 
15000.000000 3318120.000000 
16000.000000 3474618.000000 
17000.000000 3681514.000000 
18000.000000 4001762.000000 
19000.000000 4149009.000000 
20000.000000 4421024.000000 
21000.000000 4665038.000000 
22000.000000 5312962.000000 
23000.000000 5140749.000000 
24000.000000 5349062.000000 
25000.000000 5623865.000000 
26000.000000 5985719.000000 
27000.000000 6077824.000000 
28000.000000 6297514.000000 
29000.000000 6578891.000000 
30000.000000 7000534.000000 
31000.000000 7071930.000000 
32000.000000 7303959.000000 
33000.000000 7494659.000000 
34000.000000 8008868.000000 
35000.000000 8081765.000000 
36000.000000 8310777.000000 
37000.000000 8559426.000000 
38000.000000 8938241.000000 
39000.000000 9260607.000000 
40000.000000 9307085.000000 
41000.000000 9542064.000000 
42000.000000 10037261.000000 
43000.000000 10058930.000000 
44000.000000 10351945.000000 
45000.000000 10845329.000000 
46000.000000 11027960.000000 
47000.000000 11308518.000000 
48000.000000 11588240.000000 
49000.000000 11735841.000000 
50000.000000 11988725.000000 
51000.000000 12140489.000000 
52000.000000 12562154.000000 
53000.000000 12707774.000000 
54000.000000 12979366.000000 
55000.000000 13192095.000000 
56000.000000 13674329.000000 
57000.000000 13752746.000000 
58000.000000 13986416.000000 
59000.000000 14871894.000000 
60000.000000 14658648.000000 
61000.000000 15177859.000000 
62000.000000 15147863.000000 
63000.000000 15507125.000000 
64000.000000 15690647.000000 
65000.000000 16010096.000000 
66000.000000 16245973.000000 
67000.000000 16942273.000000 
68000.000000 16817895.000000 
69000.000000 17962087.000000 
70000.000000 17801959.000000 
71000.000000 17601546.000000 
72000.000000 17861295.000000 
73000.000000 18246599.000000 
74000.000000 18652004.000000 
75000.000000 18448297.000000 
76000.000000 19210721.000000 
77000.000000 19245510.000000 
78000.000000 19789356.000000 
79000.000000 19580822.000000 
80000.000000 20007328.000000 
81000.000000 20311901.000000 
82000.000000 21245962.000000 
83000.000000 20487194.000000 
84000.000000 20929278.000000 
85000.000000 21584231.000000 
86000.000000 21539901.000000 
87000.000000 21718815.000000 
88000.000000 22417685.000000 
89000.000000 22517993.000000 
90000.000000 22555626.000000 
91000.000000 23046741.000000 
92000.000000 23053902.000000 
93000.000000 23873189.000000 
94000.000000 24306713.000000 
95000.000000 23990656.000000 
96000.000000 24043458.000000 
97000.000000 24501838.000000 
98000.000000 24753165.000000 
99000.000000 25154141.000000 
100000.000000 25303780.000000 
